2121436886
869613802
869613802
6135736353
1678957851
5336643708
6916592479
6350037018
650596725
5454931136
6730796270
336914791
5357610845
5896162828
5404480183
6828500152
5415826417
6996676188
6050427265
7109002276
5679966032
6666215002
6472892795
6007139752
6897186180
6277152217
6736241867
5450658981
6167285004
6733736179
6738043855
5208470629
2036514442
6790584698
5591539332
6381437796
6384728530
6792238633
6939694458
6505235027
6356468859
2141109484
5751014708
7053365974
7078944833
5075287572
5351516009
6277905491
5757979397
6258276505
7049290808
6907794444
7126096675
6737174243
5555172139
6969483376
5948097870
6882179823
6612645411
5709935549
478177097
7113410779
7178648412
6178421011
6101719329
6010151010
6036767783
6372671162
6654906368
6567897175
6699177917
6845435673
6935394791
5230231347
2115271941
6730648759
6648363567
7166269617
5837850229
1791062162
5679502903
6441625293
6248678991
1707609752
1859665634
7134211102
2145040436
7203597227
6908155084
5833052581
6724993473
7453084834
6166560072
952578970
5765744050
7242720888
5634675616
5133178411
6043078751
5667813881
5223128484
5626252780
540634945
6596045554
6440822810
6176544323
5311359860
6194987930
6715202424
6922879862
905189676
6680412589
700862449
5338891479
6844288308
5653230990
6335563455
6873698245
1173586938
6554444715
7474466157
